# z rho mu P theta
-16.3183 2.07e-06 0 0 270
-6.31829 2.07e-06 0 0 270
-6.31829 2.07001e-06 0 0 270
-4.98147 2.07001e-06 0 0 270
-4.98147 2.07031e-06 0 0 270
-3.90156 2.07031e-06 0 0 270
-3.90156 2.07345e-06 0 0 270
-3.18219 2.07345e-06 0 0 270
-3.18219 2.08443e-06 0 0 270
-2.62178 2.08443e-06 0 0 270
-2.62178 2.10875e-06 0 0 270
-2.15038 2.10875e-06 0 0 270
-2.15038 2.15078e-06 0 0 270
-1.7345 2.15078e-06 0 0 270
-1.7345 2.21293e-06 0 0 270
-1.35502 2.21293e-06 0 0 270
-1.35502 2.29545e-06 0 0 270
-0.999696 2.29545e-06 0 0 270
-0.999696 2.39659e-06 0 0 270
-0.659791 2.39659e-06 0 0 270
-0.659791 2.51282e-06 0 0 270
-0.328507 2.51282e-06 0 0 270
-0.328507 2.63923e-06 0 0 270
-1.88738e-15 2.63923e-06 0 0 270
-1.88738e-15 2.76991e-06 0 0 270
0.331284 2.76991e-06 0 0 270
0.331284 2.89838e-06 0 0 270
0.671188 2.89838e-06 0 0 270
0.671188 3.01811e-06 0 0 270
1.02652 3.01811e-06 0 0 270
1.02652 3.12308e-06 0 0 270
1.40599 3.12308e-06 0 0 270
1.40599 3.2084e-06 0 0 270
1.82188 3.2084e-06 0 0 270
1.82188 3.27115e-06 0 0 270
2.29327 3.27115e-06 0 0 270
2.29327 3.31106e-06 0 0 270
2.85368 3.31106e-06 0 0 270
2.85368 3.33119e-06 0 0 270
3.57305 3.33119e-06 0 0 270
3.57305 3.3378e-06 0 0 270
4.65296 3.3378e-06 0 0 270
4.65296 3.33857e-06 0 0 270
5.98978 3.33857e-06 0 0 270
5.98978 3.33859e-06 0 0 270
20.8203 3.33859e-06 0 0 270
20.8203 3.33859e-06 0 0 270
22.1571 3.33859e-06 0 0 270
22.1571 3.3387e-06 0 0 270
23.237 3.3387e-06 0 0 270
23.237 3.33986e-06 0 0 270
23.9564 3.33986e-06 0 0 270
23.9564 3.34391e-06 0 0 270
24.5168 3.34391e-06 0 0 270
24.5168 3.35287e-06 0 0 270
24.9882 3.35287e-06 0 0 270
24.9882 3.36837e-06 0 0 270
25.4041 3.36837e-06 0 0 270
25.4041 3.39127e-06 0 0 270
25.7835 3.39127e-06 0 0 270
25.7835 3.42169e-06 0 0 270
26.1389 3.42169e-06 0 0 270
26.1389 3.45897e-06 0 0 270
26.4788 3.45897e-06 0 0 270
26.4788 3.50181e-06 0 0 270
26.8101 3.50181e-06 0 0 270
26.8101 3.54841e-06 0 0 270
27.1386 3.54841e-06 0 0 270
27.1386 3.65476e-06 0 0 270
27.4244 3.65476e-06 0 0 270
27.4244 3.7201e-06 0 0 270
27.996 3.7201e-06 0 0 270
27.996 3.79401e-06 0 0 270
28.5677 3.79401e-06 0 0 270
28.5677 3.84678e-06 0 0 270
29.1393 3.84678e-06 0 0 270
29.1393 3.88012e-06 0 0 270
29.711 3.88012e-06 0 0 270
29.711 3.90054e-06 0 0 270
30.2826 3.90054e-06 0 0 270
30.2826 3.91452e-06 0 0 270
30.8542 3.91452e-06 0 0 270
30.8542 3.92621e-06 0 0 270
31.4259 3.92621e-06 0 0 270
31.4259 3.93754e-06 0 0 270
31.9975 3.93754e-06 0 0 270
31.9975 3.94918e-06 0 0 270
32.5692 3.94918e-06 0 0 270
32.5692 3.96133e-06 0 0 270
33.1408 3.96133e-06 0 0 270
33.1408 3.974e-06 0 0 270
33.7125 3.974e-06 0 0 270
33.7125 3.98717e-06 0 0 270
34.2841 3.98717e-06 0 0 270
34.2841 4.00081e-06 0 0 270
34.8557 4.00081e-06 0 0 270
34.8557 4.01488e-06 0 0 270
35.4274 4.01488e-06 0 0 270
35.4274 4.02934e-06 0 0 270
35.999 4.02934e-06 0 0 270
35.999 4.04415e-06 0 0 270
36.5707 4.04415e-06 0 0 270
36.5707 4.05924e-06 0 0 270
37.1423 4.05924e-06 0 0 270
37.1423 4.07457e-06 0 0 270
37.714 4.07457e-06 0 0 270
37.714 4.09009e-06 0 0 270
38.2856 4.09009e-06 0 0 270
38.2856 4.10572e-06 0 0 270
38.8572 4.10572e-06 0 0 270
38.8572 4.11749e-06 0 0 270
39.1431 4.11749e-06 0 0 270
39.1431 4.13203e-06 0 0 270
39.9161 4.13203e-06 0 0 270
39.9161 4.15346e-06 0 0 270
40.7092 4.15346e-06 0 0 270
40.7092 4.17541e-06 0 0 270
41.5383 4.17541e-06 0 0 270
41.5383 4.19816e-06 0 0 270
42.4237 4.19816e-06 0 0 270
42.4237 4.22204e-06 0 0 270
43.3941 4.22204e-06 0 0 270
43.3941 4.24752e-06 0 0 270
44.494 4.24752e-06 0 0 270
44.494 4.27529e-06 0 0 270
45.8017 4.27529e-06 0 0 270
45.8017 4.30653e-06 0 0 270
47.4802 4.30653e-06 0 0 270
47.4802 4.34382e-06 0 0 270
50 4.34382e-06 0 0 270
50 4.38148e-06 0 0 270
53.1192 4.38148e-06 0 0 270
53.1192 4.4063e-06 0 0 270
55.6201 4.4063e-06 0 0 270
55.6201 4.42296e-06 0 0 270
59.6466 4.42296e-06 0 0 270
59.6466 4.43296e-06 0 0 270
64.8153 4.43296e-06 0 0 270
64.8153 4.43624e-06 0 0 270
72.5744 4.43624e-06 0 0 270
72.5744 4.43663e-06 0 0 270
82.1795 4.43663e-06 0 0 270
82.1795 4.43664e-06 0 0 270
185.048 4.43664e-06 0 0 270
185.048 4.43664e-06 0 0 270
185.548 4.43664e-06 0 0 270
185.548 4.43663e-06 0 0 270
186.048 4.43663e-06 0 0 270
186.048 4.43663e-06 0 0 270
186.548 4.43663e-06 0 0 270
186.548 4.43663e-06 0 0 270
187.048 4.43663e-06 0 0 270
187.048 4.43663e-06 0 0 270
187.548 4.43663e-06 0 0 270
187.548 4.43662e-06 0 0 270
188.048 4.43662e-06 0 0 270
188.048 4.43661e-06 0 0 270
188.548 4.43661e-06 0 0 270
188.548 4.4366e-06 0 0 270
189.048 4.4366e-06 0 0 270
189.048 4.43657e-06 0 0 270
189.548 4.43657e-06 0 0 270
189.548 4.43652e-06 0 0 270
190.048 4.43652e-06 0 0 270
190.048 4.43644e-06 0 0 270
190.548 4.43644e-06 0 0 270
190.548 4.43631e-06 0 0 270
191.048 4.43631e-06 0 0 270
191.048 4.43609e-06 0 0 270
191.548 4.43609e-06 0 0 270
191.548 4.43681e-06 0 0 270
192.048 4.43681e-06 0 0 270
192.048 4.43564e-06 0 0 270
192.548 4.43564e-06 0 0 270
192.548 4.43455e-06 0 0 270
193.048 4.43455e-06 0 0 270
193.048 4.43319e-06 0 0 270
193.548 4.43319e-06 0 0 270
193.548 4.43128e-06 0 0 270
194.048 4.43128e-06 0 0 270
194.048 4.42852e-06 0 0 270
194.548 4.42852e-06 0 0 270
194.548 4.42455e-06 0 0 270
195.048 4.42455e-06 0 0 270
195.048 4.41891e-06 0 0 270
195.548 4.41891e-06 0 0 270
195.548 4.41105e-06 0 0 270
196.048 4.41105e-06 0 0 270
196.048 4.40026e-06 0 0 270
196.548 4.40026e-06 0 0 270
196.548 4.3857e-06 0 0 270
197.048 4.3857e-06 0 0 270
197.048 4.36636e-06 0 0 270
197.548 4.36636e-06 0 0 270
197.548 4.34112e-06 0 0 270
198.048 4.34112e-06 0 0 270
198.048 4.30873e-06 0 0 270
198.548 4.30873e-06 0 0 270
198.548 4.26786e-06 0 0 270
199.048 4.26786e-06 0 0 270
199.048 4.21717e-06 0 0 270
199.548 4.21717e-06 0 0 270
199.548 4.15536e-06 0 0 270
200.048 4.15536e-06 0 0 270
200.048 4.08127e-06 0 0 270
200.548 4.08127e-06 0 0 270
200.548 3.99421e-06 0 0 270
201.048 3.99421e-06 0 0 270
201.048 3.89279e-06 0 0 270
201.548 3.89279e-06 0 0 270
201.548 3.77757e-06 0 0 270
202.048 3.77757e-06 0 0 270
202.048 3.64856e-06 0 0 270
202.548 3.64856e-06 0 0 270
202.548 3.50654e-06 0 0 270
203.048 3.50654e-06 0 0 270
203.048 3.35283e-06 0 0 270
203.548 3.35283e-06 0 0 270
203.548 3.18922e-06 0 0 270
204.048 3.18922e-06 0 0 270
204.048 3.01797e-06 0 0 270
204.548 3.01797e-06 0 0 270
204.548 2.84164e-06 0 0 270
205.048 2.84164e-06 0 0 270
205.048 2.66296e-06 0 0 270
205.548 2.66296e-06 0 0 270
205.548 2.48473e-06 0 0 270
206.048 2.48473e-06 0 0 270
206.048 2.30961e-06 0 0 270
206.548 2.30961e-06 0 0 270
206.548 2.13997e-06 0 0 270
207.048 2.13997e-06 0 0 270
207.048 1.9778e-06 0 0 270
207.548 1.9778e-06 0 0 270
207.548 1.82457e-06 0 0 270
208.048 1.82457e-06 0 0 270
208.048 1.68125e-06 0 0 270
208.548 1.68125e-06 0 0 270
208.548 1.54821e-06 0 0 270
209.048 1.54821e-06 0 0 270
209.048 1.42534e-06 0 0 270
209.548 1.42534e-06 0 0 270
209.548 1.31208e-06 0 0 270
210.048 1.31208e-06 0 0 270
210.048 1.20754e-06 0 0 270
210.548 1.20754e-06 0 0 270
210.548 1.1106e-06 0 0 270
211.048 1.1106e-06 0 0 270
211.048 1.02004e-06 0 0 270
211.548 1.02004e-06 0 0 270
211.548 9.34663e-07 0 0 270
212.048 9.34663e-07 0 0 270
212.048 8.53362e-07 0 0 270
212.548 8.53362e-07 0 0 270
212.548 7.75221e-07 0 0 270
213.048 7.75221e-07 0 0 270
213.048 6.99546e-07 0 0 270
213.548 6.99546e-07 0 0 270
213.548 6.25891e-07 0 0 270
214.048 6.25891e-07 0 0 270
214.048 5.54046e-07 0 0 270
214.548 5.54046e-07 0 0 270
214.548 4.84016e-07 0 0 270
215.048 4.84016e-07 0 0 270
215.048 4.15977e-07 0 0 270
215.548 4.15977e-07 0 0 270
215.548 3.50229e-07 0 0 270
216.048 3.50229e-07 0 0 270
216.048 2.87141e-07 0 0 270
216.548 2.87141e-07 0 0 270
216.548 2.27101e-07 0 0 270
217.048 2.27101e-07 0 0 270
217.048 1.70473e-07 0 0 270
217.548 1.70473e-07 0 0 270
217.548 1.17563e-07 0 0 270
218.048 1.17563e-07 0 0 270
218.048 6.77384e-08 0 0 270
218.548 6.77384e-08 0 0 270
218.548 2.16123e-08 0 0 270
219.048 2.16123e-08 0 0 270
219.048 -2.06392e-08 0 0 270
219.548 -2.06392e-08 0 0 270
219.548 -5.90789e-08 0 0 270
220.048 -5.90789e-08 0 0 270
220.048 -9.38543e-08 0 0 270
220.548 -9.38543e-08 0 0 270
220.548 -1.2518e-07 0 0 270
221.048 -1.2518e-07 0 0 270
221.048 -1.49269e-07 0 0 270
221.548 -1.49269e-07 0 0 270
221.548 -1.64312e-07 0 0 270
222.048 -1.64312e-07 0 0 270
222.048 -1.77411e-07 0 0 270
222.548 -1.77411e-07 0 0 270
222.548 -1.8879e-07 0 0 270
223.048 -1.8879e-07 0 0 270
223.048 -1.98653e-07 0 0 270
223.548 -1.98653e-07 0 0 270
223.548 -2.07177e-07 0 0 270
224.048 -2.07177e-07 0 0 270
224.048 -2.14512e-07 0 0 270
224.548 -2.14512e-07 0 0 270
224.548 -2.2078e-07 0 0 270
225.048 -2.2078e-07 0 0 270
225.048 -2.26069e-07 0 0 270
225.548 -2.26069e-07 0 0 270
225.548 -2.30441e-07 0 0 270
226.048 -2.30441e-07 0 0 270
226.048 -2.33932e-07 0 0 270
226.548 -2.33932e-07 0 0 270
226.548 -2.36556e-07 0 0 270
227.048 -2.36556e-07 0 0 270
227.048 -2.38303e-07 0 0 270
227.548 -2.38303e-07 0 0 270
227.548 -2.3915e-07 0 0 270
228.048 -2.3915e-07 0 0 270
228.048 -2.39053e-07 0 0 270
228.548 -2.39053e-07 0 0 270
228.548 -2.37955e-07 0 0 270
229.048 -2.37955e-07 0 0 270
229.048 -2.35783e-07 0 0 270
229.548 -2.35783e-07 0 0 270
229.548 -2.3245e-07 0 0 270
230.048 -2.3245e-07 0 0 270
230.048 -2.27847e-07 0 0 270
230.548 -2.27847e-07 0 0 270
230.548 -2.21848e-07 0 0 270
231.048 -2.21848e-07 0 0 270
231.048 -2.14303e-07 0 0 270
231.548 -2.14303e-07 0 0 270
231.548 -2.05039e-07 0 0 270
232.048 -2.05039e-07 0 0 270
232.048 -1.93853e-07 0 0 270
232.548 -1.93853e-07 0 0 270
232.548 -1.80512e-07 0 0 270
233.048 -1.80512e-07 0 0 270
233.048 -1.64754e-07 0 0 270
233.548 -1.64754e-07 0 0 270
233.548 -1.35082e-07 0 0 270
234.048 -1.35082e-07 0 0 270
234.048 -7.28125e-08 0 0 270
234.548 -7.28125e-08 0 0 270
234.548 1.21953e-09 0 0 270
235.048 1.21953e-09 0 0 270
235.048 8.80317e-08 0 0 270
235.548 8.80317e-08 0 0 270
235.548 1.88141e-07 0 0 270
236.048 1.88141e-07 0 0 270
236.048 3.0219e-07 0 0 270
236.548 3.0219e-07 0 0 270
236.548 4.30705e-07 0 0 270
237.048 4.30705e-07 0 0 270
237.048 5.73916e-07 0 0 270
237.548 5.73916e-07 0 0 270
237.548 7.31714e-07 0 0 270
238.048 7.31714e-07 0 0 270
238.048 9.03623e-07 0 0 270
238.548 9.03623e-07 0 0 270
238.548 1.08878e-06 0 0 270
239.048 1.08878e-06 0 0 270
239.048 1.28597e-06 0 0 270
239.548 1.28597e-06 0 0 270
239.548 1.49359e-06 0 0 270
240.048 1.49359e-06 0 0 270
240.048 1.70978e-06 0 0 270
240.548 1.70978e-06 0 0 270
240.548 1.93243e-06 0 0 270
241.048 1.93243e-06 0 0 270
241.048 2.15927e-06 0 0 270
241.548 2.15927e-06 0 0 270
241.548 2.388e-06 0 0 270
242.048 2.388e-06 0 0 270
242.048 2.61633e-06 0 0 270
242.548 2.61633e-06 0 0 270
242.548 2.84209e-06 0 0 270
243.048 2.84209e-06 0 0 270
243.048 3.06331e-06 0 0 270
243.548 3.06331e-06 0 0 270
243.548 3.27831e-06 0 0 270
244.048 3.27831e-06 0 0 270
244.048 3.48569e-06 0 0 270
244.548 3.48569e-06 0 0 270
244.548 3.68441e-06 0 0 270
245.048 3.68441e-06 0 0 270
245.048 3.87376e-06 0 0 270
245.548 3.87376e-06 0 0 270
245.548 4.05336e-06 0 0 270
246.048 4.05336e-06 0 0 270
246.048 4.2231e-06 0 0 270
246.548 4.2231e-06 0 0 270
246.548 4.38315e-06 0 0 270
247.048 4.38315e-06 0 0 270
247.048 4.53405e-06 0 0 270
247.548 4.53405e-06 0 0 270
247.548 4.67633e-06 0 0 270
248.048 4.67633e-06 0 0 270
248.048 4.81052e-06 0 0 270
248.548 4.81052e-06 0 0 270
248.548 4.93712e-06 0 0 270
249.048 4.93712e-06 0 0 270
249.048 5.05663e-06 0 0 270
249.548 5.05663e-06 0 0 270
249.548 5.16946e-06 0 0 270
250.048 5.16946e-06 0 0 270
250.048 5.27596e-06 0 0 270
250.548 5.27596e-06 0 0 270
250.548 5.37635e-06 0 0 270
251.048 5.37635e-06 0 0 270
251.048 5.47081e-06 0 0 270
251.548 5.47081e-06 0 0 270
251.548 5.5594e-06 0 0 270
252.048 5.5594e-06 0 0 270
252.048 5.64217e-06 0 0 270
252.548 5.64217e-06 0 0 270
252.548 5.7191e-06 0 0 270
253.048 5.7191e-06 0 0 270
253.048 5.79018e-06 0 0 270
253.548 5.79018e-06 0 0 270
253.548 5.85543e-06 0 0 270
254.048 5.85543e-06 0 0 270
254.048 5.91487e-06 0 0 270
254.548 5.91487e-06 0 0 270
254.548 5.9686e-06 0 0 270
255.048 5.9686e-06 0 0 270
255.048 6.01673e-06 0 0 270
255.548 6.01673e-06 0 0 270
255.548 6.05946e-06 0 0 270
256.048 6.05946e-06 0 0 270
256.048 6.09703e-06 0 0 270
256.548 6.09703e-06 0 0 270
256.548 6.12972e-06 0 0 270
257.048 6.12972e-06 0 0 270
257.048 6.15784e-06 0 0 270
257.548 6.15784e-06 0 0 270
257.548 6.18174e-06 0 0 270
258.048 6.18174e-06 0 0 270
258.048 6.20174e-06 0 0 270
258.548 6.20174e-06 0 0 270
258.548 6.2182e-06 0 0 270
259.048 6.2182e-06 0 0 270
259.048 6.23145e-06 0 0 270
259.548 6.23145e-06 0 0 270
259.548 6.24179e-06 0 0 270
260.048 6.24179e-06 0 0 270
260.048 6.2495e-06 0 0 270
260.548 6.2495e-06 0 0 270
260.548 6.25489e-06 0 0 270
261.048 6.25489e-06 0 0 270
261.048 6.2584e-06 0 0 270
261.548 6.2584e-06 0 0 270
261.548 6.26033e-06 0 0 270
262.048 6.26033e-06 0 0 270
262.048 6.26092e-06 0 0 270
262.548 6.26092e-06 0 0 270
262.548 6.26036e-06 0 0 270
263.048 6.26036e-06 0 0 270
263.048 6.25883e-06 0 0 270
263.548 6.25883e-06 0 0 270
263.548 6.25647e-06 0 0 270
264.048 6.25647e-06 0 0 270
264.048 6.2534e-06 0 0 270
264.548 6.2534e-06 0 0 270
264.548 6.25091e-06 0 0 270
265.048 6.25091e-06 0 0 270
265.048 6.24632e-06 0 0 270
265.548 6.24632e-06 0 0 270
265.548 6.24139e-06 0 0 270
266.048 6.24139e-06 0 0 270
266.048 6.23614e-06 0 0 270
266.548 6.23614e-06 0 0 270
266.548 6.2306e-06 0 0 270
267.048 6.2306e-06 0 0 270
267.048 6.2248e-06 0 0 270
267.548 6.2248e-06 0 0 270
267.548 6.21877e-06 0 0 270
268.048 6.21877e-06 0 0 270
268.048 6.21252e-06 0 0 270
268.548 6.21252e-06 0 0 270
268.548 6.2061e-06 0 0 270
269.048 6.2061e-06 0 0 270
269.048 6.19952e-06 0 0 270
269.548 6.19952e-06 0 0 270
269.548 6.1928e-06 0 0 270
270.048 6.1928e-06 0 0 270
270.048 6.18599e-06 0 0 270
270.548 6.18599e-06 0 0 270
270.548 6.1791e-06 0 0 270
271.048 6.1791e-06 0 0 270
271.048 6.17216e-06 0 0 270
271.548 6.17216e-06 0 0 270
271.548 6.1652e-06 0 0 270
272.048 6.1652e-06 0 0 270
272.048 6.15824e-06 0 0 270
272.548 6.15824e-06 0 0 270
272.548 6.1513e-06 0 0 270
273.048 6.1513e-06 0 0 270
273.048 6.14442e-06 0 0 270
273.548 6.14442e-06 0 0 270
273.548 6.13761e-06 0 0 270
274.048 6.13761e-06 0 0 270
274.048 6.1309e-06 0 0 270
274.548 6.1309e-06 0 0 270
274.548 6.12431e-06 0 0 270
275.048 6.12431e-06 0 0 270
275.048 6.11787e-06 0 0 270
275.548 6.11787e-06 0 0 270
275.548 6.1116e-06 0 0 270
276.048 6.1116e-06 0 0 270
276.048 6.10553e-06 0 0 270
276.548 6.10553e-06 0 0 270
276.548 6.09966e-06 0 0 270
277.048 6.09966e-06 0 0 270
277.048 6.09404e-06 0 0 270
277.548 6.09404e-06 0 0 270
277.548 6.08868e-06 0 0 270
278.048 6.08868e-06 0 0 270
278.048 6.0836e-06 0 0 270
278.548 6.0836e-06 0 0 270
278.548 6.07883e-06 0 0 270
279.048 6.07883e-06 0 0 270
279.048 6.07439e-06 0 0 270
279.548 6.07439e-06 0 0 270
279.548 6.0703e-06 0 0 270
280.048 6.0703e-06 0 0 270
280.048 6.06659e-06 0 0 270
280.548 6.06659e-06 0 0 270
280.548 6.06328e-06 0 0 270
281.048 6.06328e-06 0 0 270
281.048 6.0604e-06 0 0 270
281.548 6.0604e-06 0 0 270
281.548 6.05797e-06 0 0 270
282.048 6.05797e-06 0 0 270
282.048 6.05603e-06 0 0 270
282.548 6.05603e-06 0 0 270
282.548 6.05459e-06 0 0 270
283.048 6.05459e-06 0 0 270
283.048 6.05361e-06 0 0 270
283.548 6.05361e-06 0 0 270
283.548 6.05302e-06 0 0 270
284.048 6.05302e-06 0 0 270
284.048 6.05283e-06 0 0 270
284.548 6.05283e-06 0 0 270
284.548 6.05303e-06 0 0 270
285.048 6.05303e-06 0 0 270
285.048 6.05362e-06 0 0 270
285.548 6.05362e-06 0 0 270
285.548 6.05458e-06 0 0 270
286.048 6.05458e-06 0 0 270
286.048 6.05591e-06 0 0 270
286.548 6.05591e-06 0 0 270
286.548 6.05758e-06 0 0 270
287.048 6.05758e-06 0 0 270
287.048 6.05958e-06 0 0 270
287.548 6.05958e-06 0 0 270
287.548 6.06188e-06 0 0 270
288.048 6.06188e-06 0 0 270
288.048 6.06446e-06 0 0 270
288.548 6.06446e-06 0 0 270
288.548 6.06729e-06 0 0 270
289.048 6.06729e-06 0 0 270
289.048 6.07032e-06 0 0 270
289.548 6.07032e-06 0 0 270
289.548 6.07352e-06 0 0 270
290.048 6.07352e-06 0 0 270
290.048 6.07684e-06 0 0 270
290.548 6.07684e-06 0 0 270
290.548 6.08023e-06 0 0 270
291.048 6.08023e-06 0 0 270
291.048 6.08364e-06 0 0 270
291.548 6.08364e-06 0 0 270
291.548 6.08703e-06 0 0 270
292.048 6.08703e-06 0 0 270
292.048 6.09033e-06 0 0 270
292.548 6.09033e-06 0 0 270
292.548 6.09352e-06 0 0 270
293.048 6.09352e-06 0 0 270
293.048 6.0966e-06 0 0 270
293.548 6.0966e-06 0 0 270
293.548 6.0996e-06 0 0 270
294.048 6.0996e-06 0 0 270
294.048 6.10253e-06 0 0 270
294.548 6.10253e-06 0 0 270
294.548 6.10539e-06 0 0 270
295.048 6.10539e-06 0 0 270
295.048 6.1082e-06 0 0 270
295.548 6.1082e-06 0 0 270
295.548 6.11097e-06 0 0 270
296.048 6.11097e-06 0 0 270
296.048 6.11371e-06 0 0 270
296.548 6.11371e-06 0 0 270
296.548 6.11643e-06 0 0 270
297.048 6.11643e-06 0 0 270
297.048 6.11914e-06 0 0 270
297.548 6.11914e-06 0 0 270
297.548 6.12185e-06 0 0 270
298.048 6.12185e-06 0 0 270
298.048 6.12456e-06 0 0 270
298.548 6.12456e-06 0 0 270
298.548 6.12728e-06 0 0 270
299.048 6.12728e-06 0 0 270
299.048 6.13003e-06 0 0 270
299.548 6.13003e-06 0 0 270
299.548 6.13279e-06 0 0 270
300.048 6.13279e-06 0 0 270
300.048 6.13558e-06 0 0 270
300.548 6.13558e-06 0 0 270
300.548 6.13841e-06 0 0 270
301.048 6.13841e-06 0 0 270
301.048 6.14128e-06 0 0 270
301.548 6.14128e-06 0 0 270
301.548 6.14418e-06 0 0 270
302.048 6.14418e-06 0 0 270
302.048 6.14713e-06 0 0 270
302.548 6.14713e-06 0 0 270
302.548 6.15012e-06 0 0 270
303.048 6.15012e-06 0 0 270
303.048 6.15316e-06 0 0 270
303.548 6.15316e-06 0 0 270
303.548 6.15625e-06 0 0 270
304.048 6.15625e-06 0 0 270
304.048 6.15938e-06 0 0 270
304.548 6.15938e-06 0 0 270
304.548 6.16256e-06 0 0 270
305.048 6.16256e-06 0 0 270
305.048 6.16579e-06 0 0 270
305.548 6.16579e-06 0 0 270
305.548 6.16906e-06 0 0 270
306.048 6.16906e-06 0 0 270
306.048 6.17238e-06 0 0 270
306.548 6.17238e-06 0 0 270
306.548 6.17573e-06 0 0 270
307.048 6.17573e-06 0 0 270
307.048 6.17912e-06 0 0 270
307.548 6.17912e-06 0 0 270
307.548 6.18255e-06 0 0 270
308.048 6.18255e-06 0 0 270
308.048 6.18601e-06 0 0 270
308.548 6.18601e-06 0 0 270
308.548 6.18949e-06 0 0 270
309.048 6.18949e-06 0 0 270
309.048 6.19299e-06 0 0 270
309.548 6.19299e-06 0 0 270
309.548 6.19651e-06 0 0 270
310.048 6.19651e-06 0 0 270
310.048 6.20003e-06 0 0 270
310.548 6.20003e-06 0 0 270
310.548 6.20357e-06 0 0 270
311.048 6.20357e-06 0 0 270
311.048 6.2071e-06 0 0 270
311.548 6.2071e-06 0 0 270
311.548 6.21062e-06 0 0 270
312.048 6.21062e-06 0 0 270
312.048 6.21413e-06 0 0 270
312.548 6.21413e-06 0 0 270
312.548 6.21761e-06 0 0 270
313.048 6.21761e-06 0 0 270
313.048 6.22107e-06 0 0 270
313.548 6.22107e-06 0 0 270
313.548 6.22449e-06 0 0 270
314.048 6.22449e-06 0 0 270
314.048 6.22787e-06 0 0 270
314.548 6.22787e-06 0 0 270
314.548 6.2312e-06 0 0 270
315.048 6.2312e-06 0 0 270
315.048 6.23447e-06 0 0 270
315.548 6.23447e-06 0 0 270
315.548 6.23768e-06 0 0 270
316.048 6.23768e-06 0 0 270
316.048 6.24081e-06 0 0 270
316.548 6.24081e-06 0 0 270
316.548 6.24387e-06 0 0 270
317.048 6.24387e-06 0 0 270
317.048 6.24685e-06 0 0 270
317.548 6.24685e-06 0 0 270
317.548 6.24974e-06 0 0 270
318.048 6.24974e-06 0 0 270
318.048 6.25251e-06 0 0 270
318.548 6.25251e-06 0 0 270
318.548 6.25518e-06 0 0 270
319.048 6.25518e-06 0 0 270
319.048 6.25772e-06 0 0 270
319.548 6.25772e-06 0 0 270
319.548 6.26014e-06 0 0 270
320.048 6.26014e-06 0 0 270
320.048 6.26243e-06 0 0 270
320.548 6.26243e-06 0 0 270
320.548 6.26458e-06 0 0 270
321.048 6.26458e-06 0 0 270
321.048 6.2666e-06 0 0 270
321.548 6.2666e-06 0 0 270
321.548 6.26849e-06 0 0 270
322.048 6.26849e-06 0 0 270
322.048 6.27023e-06 0 0 270
322.548 6.27023e-06 0 0 270
322.548 6.27184e-06 0 0 270
323.048 6.27184e-06 0 0 270
323.048 6.27331e-06 0 0 270
323.548 6.27331e-06 0 0 270
323.548 6.27464e-06 0 0 270
324.048 6.27464e-06 0 0 270
324.048 6.27583e-06 0 0 270
324.548 6.27583e-06 0 0 270
324.548 6.27688e-06 0 0 270
325.048 6.27688e-06 0 0 270
325.048 6.27779e-06 0 0 270
325.548 6.27779e-06 0 0 270
325.548 6.27855e-06 0 0 270
326.048 6.27855e-06 0 0 270
326.048 6.27917e-06 0 0 270
326.548 6.27917e-06 0 0 270
326.548 6.27965e-06 0 0 270
327.048 6.27965e-06 0 0 270
327.048 6.27997e-06 0 0 270
327.548 6.27997e-06 0 0 270
327.548 6.28016e-06 0 0 270
328.048 6.28016e-06 0 0 270
328.048 6.28019e-06 0 0 270
328.548 6.28019e-06 0 0 270
328.548 6.28007e-06 0 0 270
329.048 6.28007e-06 0 0 270
329.048 6.28e-06 0 0 270
329.548 6.28e-06 0 0 270
329.548 6.28e-06 0 0 270
330.048 6.28e-06 0 0 270
330.048 6.28e-06 0 0 270
330.548 6.28e-06 0 0 270
330.548 6.28e-06 0 0 270
331.048 6.28e-06 0 0 270
331.048 6.28e-06 0 0 270
331.548 6.28e-06 0 0 270
331.548 6.28e-06 0 0 270
332.048 6.28e-06 0 0 270
332.048 6.28e-06 0 0 270
332.548 6.28e-06 0 0 270
332.548 6.28e-06 0 0 270
333.048 6.28e-06 0 0 270
333.048 6.28e-06 0 0 270
333.548 6.28e-06 0 0 270
333.548 6.28e-06 0 0 270
334.048 6.28e-06 0 0 270
334.048 6.28e-06 0 0 270
334.548 6.28e-06 0 0 270
334.548 6.28e-06 0 0 270
335.048 6.28e-06 0 0 270
335.048 6.28e-06 0 0 270
335.548 6.28e-06 0 0 270
335.548 6.28e-06 0 0 270
336.048 6.28e-06 0 0 270
336.048 6.28e-06 0 0 270
336.548 6.28e-06 0 0 270
336.548 6.28e-06 0 0 270
337.048 6.28e-06 0 0 270
337.048 6.28e-06 0 0 270
337.548 6.28e-06 0 0 270
337.548 6.28e-06 0 0 270
338.048 6.28e-06 0 0 270
338.048 6.28e-06 0 0 270
338.548 6.28e-06 0 0 270
338.548 6.28e-06 0 0 270
339.048 6.28e-06 0 0 270
339.048 6.28e-06 0 0 270
339.548 6.28e-06 0 0 270
339.548 6.28e-06 0 0 270
340.048 6.28e-06 0 0 270
340.048 6.28e-06 0 0 270
340.548 6.28e-06 0 0 270
340.548 6.28e-06 0 0 270
341.048 6.28e-06 0 0 270
341.048 6.28e-06 0 0 270
341.548 6.28e-06 0 0 270
341.548 6.28e-06 0 0 270
342.048 6.28e-06 0 0 270
342.048 6.28e-06 0 0 270
342.548 6.28e-06 0 0 270
342.548 6.28e-06 0 0 270
343.048 6.28e-06 0 0 270
343.048 6.28e-06 0 0 270
343.548 6.28e-06 0 0 270
343.548 6.28e-06 0 0 270
344.048 6.28e-06 0 0 270
344.048 6.28e-06 0 0 270
344.548 6.28e-06 0 0 270
344.548 6.28e-06 0 0 270
345.048 6.28e-06 0 0 270
345.048 6.28e-06 0 0 270
345.548 6.28e-06 0 0 270
345.548 6.28e-06 0 0 270
346.048 6.28e-06 0 0 270
346.048 6.28e-06 0 0 270
346.548 6.28e-06 0 0 270
346.548 6.28e-06 0 0 270
347.048 6.28e-06 0 0 270
347.048 6.28e-06 0 0 270
347.548 6.28e-06 0 0 270
347.548 6.28e-06 0 0 270
348.048 6.28e-06 0 0 270
348.048 6.28e-06 0 0 270
348.548 6.28e-06 0 0 270
348.548 6.28e-06 0 0 270
349.048 6.28e-06 0 0 270
349.048 6.28e-06 0 0 270
349.548 6.28e-06 0 0 270
349.548 6.28e-06 0 0 270
350.048 6.28e-06 0 0 270
350.048 6.28e-06 0 0 270
350.548 6.28e-06 0 0 270
350.548 6.28e-06 0 0 270
351.048 6.28e-06 0 0 270
351.048 6.28e-06 0 0 270
351.548 6.28e-06 0 0 270
351.548 6.28e-06 0 0 270
352.048 6.28e-06 0 0 270
352.048 6.28e-06 0 0 270
352.548 6.28e-06 0 0 270
352.548 6.28e-06 0 0 270
353.048 6.28e-06 0 0 270
353.048 6.28e-06 0 0 270
353.548 6.28e-06 0 0 270
353.548 6.28e-06 0 0 270
354.048 6.28e-06 0 0 270
354.048 6.28e-06 0 0 270
354.548 6.28e-06 0 0 270
354.548 6.28e-06 0 0 270
355.048 6.28e-06 0 0 270
355.048 6.28e-06 0 0 270
355.548 6.28e-06 0 0 270
355.548 6.28e-06 0 0 270
356.048 6.28e-06 0 0 270
356.048 6.28e-06 0 0 270
356.548 6.28e-06 0 0 270
356.548 6.28e-06 0 0 270
357.048 6.28e-06 0 0 270
357.048 6.28e-06 0 0 270
357.548 6.28e-06 0 0 270
357.548 6.28e-06 0 0 270
358.048 6.28e-06 0 0 270
358.048 6.28e-06 0 0 270
358.548 6.28e-06 0 0 270
358.548 6.28e-06 0 0 270
359.048 6.28e-06 0 0 270
359.048 6.28e-06 0 0 270
359.548 6.28e-06 0 0 270
359.548 6.28e-06 0 0 270
360.048 6.28e-06 0 0 270
360.048 6.28e-06 0 0 270
360.548 6.28e-06 0 0 270
360.548 6.28e-06 0 0 270
361.048 6.28e-06 0 0 270
361.048 6.28e-06 0 0 270
361.548 6.28e-06 0 0 270
361.548 6.28e-06 0 0 270
362.048 6.28e-06 0 0 270
362.048 6.28e-06 0 0 270
362.548 6.28e-06 0 0 270
362.548 6.28e-06 0 0 270
363.048 6.28e-06 0 0 270
363.048 6.28e-06 0 0 270
363.548 6.28e-06 0 0 270
363.548 6.28e-06 0 0 270
364.048 6.28e-06 0 0 270
364.048 6.28e-06 0 0 270
364.548 6.28e-06 0 0 270
364.548 6.28e-06 0 0 270
365.048 6.28e-06 0 0 270
365.048 6.28e-06 0 0 270
365.548 6.28e-06 0 0 270
365.548 6.28e-06 0 0 270
366.048 6.28e-06 0 0 270
366.048 6.28e-06 0 0 270
366.548 6.28e-06 0 0 270
366.548 6.28e-06 0 0 270
367.048 6.28e-06 0 0 270
367.048 6.28e-06 0 0 270
367.548 6.28e-06 0 0 270
367.548 6.28e-06 0 0 270
368.048 6.28e-06 0 0 270
368.048 6.28e-06 0 0 270
368.548 6.28e-06 0 0 270
368.548 6.28e-06 0 0 270
369.048 6.28e-06 0 0 270
369.048 6.28e-06 0 0 270
369.548 6.28e-06 0 0 270
369.548 6.28e-06 0 0 270
370.048 6.28e-06 0 0 270
370.048 6.28e-06 0 0 270
380.048 6.28e-06 0 0 270
