# z rho mu P theta
-16.3183 2.07e-06 0 0 270
-6.31829 2.07e-06 0 0 270
-6.31829 2.07001e-06 0 0 270
-4.98147 2.07001e-06 0 0 270
-4.98147 2.07031e-06 0 0 270
-3.90156 2.07031e-06 0 0 270
-3.90156 2.07345e-06 0 0 270
-3.18219 2.07345e-06 0 0 270
-3.18219 2.08443e-06 0 0 270
-2.62178 2.08443e-06 0 0 270
-2.62178 2.10875e-06 0 0 270
-2.15038 2.10875e-06 0 0 270
-2.15038 2.15078e-06 0 0 270
-1.7345 2.15078e-06 0 0 270
-1.7345 2.21293e-06 0 0 270
-1.35502 2.21293e-06 0 0 270
-1.35502 2.29545e-06 0 0 270
-0.999696 2.29545e-06 0 0 270
-0.999696 2.39659e-06 0 0 270
-0.659791 2.39659e-06 0 0 270
-0.659791 2.51282e-06 0 0 270
-0.328507 2.51282e-06 0 0 270
-0.328507 2.63923e-06 0 0 270
-1.88738e-15 2.63923e-06 0 0 270
-1.88738e-15 2.76991e-06 0 0 270
0.331284 2.76991e-06 0 0 270
0.331284 2.89838e-06 0 0 270
0.671188 2.89838e-06 0 0 270
0.671188 3.01811e-06 0 0 270
1.02652 3.01811e-06 0 0 270
1.02652 3.12308e-06 0 0 270
1.40599 3.12308e-06 0 0 270
1.40599 3.2084e-06 0 0 270
1.82188 3.2084e-06 0 0 270
1.82188 3.27115e-06 0 0 270
2.29327 3.27115e-06 0 0 270
2.29327 3.31106e-06 0 0 270
2.85368 3.31106e-06 0 0 270
2.85368 3.33119e-06 0 0 270
3.57305 3.33119e-06 0 0 270
3.57305 3.3378e-06 0 0 270
4.65296 3.3378e-06 0 0 270
4.65296 3.33857e-06 0 0 270
5.98978 3.33857e-06 0 0 270
5.98978 3.33859e-06 0 0 270
20.8203 3.33859e-06 0 0 270
20.8203 3.33859e-06 0 0 270
22.1571 3.33859e-06 0 0 270
22.1571 3.3387e-06 0 0 270
23.237 3.3387e-06 0 0 270
23.237 3.33986e-06 0 0 270
23.9564 3.33986e-06 0 0 270
23.9564 3.34391e-06 0 0 270
24.5168 3.34391e-06 0 0 270
24.5168 3.35287e-06 0 0 270
24.9882 3.35287e-06 0 0 270
24.9882 3.36837e-06 0 0 270
25.4041 3.36837e-06 0 0 270
25.4041 3.39127e-06 0 0 270
25.7835 3.39127e-06 0 0 270
25.7835 3.42169e-06 0 0 270
26.1389 3.42169e-06 0 0 270
26.1389 3.45897e-06 0 0 270
26.4788 3.45897e-06 0 0 270
26.4788 3.50181e-06 0 0 270
26.8101 3.50181e-06 0 0 270
26.8101 3.54841e-06 0 0 270
27.1386 3.54841e-06 0 0 270
27.1386 3.65476e-06 0 0 270
27.4244 3.65476e-06 0 0 270
27.4244 3.7201e-06 0 0 270
27.996 3.7201e-06 0 0 270
27.996 3.79401e-06 0 0 270
28.5677 3.79401e-06 0 0 270
28.5677 3.84678e-06 0 0 270
29.1393 3.84678e-06 0 0 270
29.1393 3.88012e-06 0 0 270
29.711 3.88012e-06 0 0 270
29.711 3.90054e-06 0 0 270
30.2826 3.90054e-06 0 0 270
30.2826 3.91452e-06 0 0 270
30.8542 3.91452e-06 0 0 270
30.8542 3.92621e-06 0 0 270
31.4259 3.92621e-06 0 0 270
31.4259 3.93754e-06 0 0 270
31.9975 3.93754e-06 0 0 270
31.9975 3.94918e-06 0 0 270
32.5692 3.94918e-06 0 0 270
32.5692 3.96133e-06 0 0 270
33.1408 3.96133e-06 0 0 270
33.1408 3.974e-06 0 0 270
33.7125 3.974e-06 0 0 270
33.7125 3.98717e-06 0 0 270
34.2841 3.98717e-06 0 0 270
34.2841 4.00081e-06 0 0 270
34.8557 4.00081e-06 0 0 270
34.8557 4.01488e-06 0 0 270
35.4274 4.01488e-06 0 0 270
35.4274 4.02934e-06 0 0 270
35.999 4.02934e-06 0 0 270
35.999 4.04415e-06 0 0 270
36.5707 4.04415e-06 0 0 270
36.5707 4.05924e-06 0 0 270
37.1423 4.05924e-06 0 0 270
37.1423 4.07457e-06 0 0 270
37.714 4.07457e-06 0 0 270
37.714 4.09009e-06 0 0 270
38.2856 4.09009e-06 0 0 270
38.2856 4.10572e-06 0 0 270
38.8572 4.10572e-06 0 0 270
38.8572 4.11749e-06 0 0 270
39.1431 4.11749e-06 0 0 270
39.1431 4.13203e-06 0 0 270
39.9161 4.13203e-06 0 0 270
39.9161 4.15346e-06 0 0 270
40.7092 4.15346e-06 0 0 270
40.7092 4.17541e-06 0 0 270
41.5383 4.17541e-06 0 0 270
41.5383 4.19816e-06 0 0 270
42.4237 4.19816e-06 0 0 270
42.4237 4.22204e-06 0 0 270
43.3941 4.22204e-06 0 0 270
43.3941 4.24752e-06 0 0 270
44.494 4.24752e-06 0 0 270
44.494 4.27529e-06 0 0 270
45.8017 4.27529e-06 0 0 270
45.8017 4.30653e-06 0 0 270
47.4802 4.30653e-06 0 0 270
47.4802 4.34382e-06 0 0 270
50 4.34382e-06 0 0 270
50 4.38148e-06 0 0 270
53.1192 4.38148e-06 0 0 270
53.1192 4.4063e-06 0 0 270
55.6201 4.4063e-06 0 0 270
55.6201 4.42296e-06 0 0 270
59.6466 4.42296e-06 0 0 270
59.6466 4.43296e-06 0 0 270
64.8153 4.43296e-06 0 0 270
64.8153 4.43624e-06 0 0 270
72.5744 4.43624e-06 0 0 270
72.5744 4.43663e-06 0 0 270
82.1795 4.43663e-06 0 0 270
82.1795 4.43664e-06 0 0 270
185.048 4.43664e-06 0 0 270
185.048 4.43664e-06 0 0 270
185.548 4.43664e-06 0 0 270
185.548 4.43664e-06 0 0 270
186.048 4.43664e-06 0 0 270
186.048 4.43664e-06 0 0 270
186.548 4.43664e-06 0 0 270
186.548 4.43664e-06 0 0 270
187.048 4.43664e-06 0 0 270
187.048 4.43663e-06 0 0 270
187.548 4.43663e-06 0 0 270
187.548 4.43663e-06 0 0 270
188.048 4.43663e-06 0 0 270
188.048 4.43663e-06 0 0 270
188.548 4.43663e-06 0 0 270
188.548 4.43662e-06 0 0 270
189.048 4.43662e-06 0 0 270
189.048 4.4366e-06 0 0 270
189.548 4.4366e-06 0 0 270
189.548 4.43657e-06 0 0 270
190.048 4.43657e-06 0 0 270
190.048 4.43651e-06 0 0 270
190.548 4.43651e-06 0 0 270
190.548 4.43641e-06 0 0 270
191.048 4.43641e-06 0 0 270
191.048 4.43624e-06 0 0 270
191.548 4.43624e-06 0 0 270
191.548 4.43309e-06 0 0 270
192.048 4.43309e-06 0 0 270
192.048 4.43435e-06 0 0 270
192.548 4.43435e-06 0 0 270
192.548 4.43435e-06 0 0 270
193.048 4.43435e-06 0 0 270
193.048 4.43353e-06 0 0 270
193.548 4.43353e-06 0 0 270
193.548 4.43195e-06 0 0 270
194.048 4.43195e-06 0 0 270
194.048 4.42947e-06 0 0 270
194.548 4.42947e-06 0 0 270
194.548 4.42581e-06 0 0 270
195.048 4.42581e-06 0 0 270
195.048 4.42051e-06 0 0 270
195.548 4.42051e-06 0 0 270
195.548 4.41303e-06 0 0 270
196.048 4.41303e-06 0 0 270
196.048 4.40263e-06 0 0 270
196.548 4.40263e-06 0 0 270
196.548 4.38846e-06 0 0 270
197.048 4.38846e-06 0 0 270
197.048 4.36945e-06 0 0 270
197.548 4.36945e-06 0 0 270
197.548 4.34443e-06 0 0 270
198.048 4.34443e-06 0 0 270
198.048 4.31204e-06 0 0 270
198.548 4.31204e-06 0 0 270
198.548 4.27084e-06 0 0 270
199.048 4.27084e-06 0 0 270
199.048 4.21935e-06 0 0 270
199.548 4.21935e-06 0 0 270
199.548 4.15608e-06 0 0 270
200.048 4.15608e-06 0 0 270
200.048 4.07966e-06 0 0 270
200.548 4.07966e-06 0 0 270
200.548 3.98895e-06 0 0 270
201.048 3.98895e-06 0 0 270
201.048 3.8831e-06 0 0 270
201.548 3.8831e-06 0 0 270
201.548 3.76167e-06 0 0 270
202.048 3.76167e-06 0 0 270
202.048 3.62473e-06 0 0 270
202.548 3.62473e-06 0 0 270
202.548 3.47289e-06 0 0 270
203.048 3.47289e-06 0 0 270
203.048 3.30736e-06 0 0 270
203.548 3.30736e-06 0 0 270
203.548 3.12992e-06 0 0 270
204.048 3.12992e-06 0 0 270
204.048 2.94285e-06 0 0 270
204.548 2.94285e-06 0 0 270
204.548 2.74888e-06 0 0 270
205.048 2.74888e-06 0 0 270
205.048 2.55102e-06 0 0 270
205.548 2.55102e-06 0 0 270
205.548 2.3524e-06 0 0 270
206.048 2.3524e-06 0 0 270
206.048 2.15615e-06 0 0 270
206.548 2.15615e-06 0 0 270
206.548 1.96516e-06 0 0 270
207.048 1.96516e-06 0 0 270
207.048 1.78201e-06 0 0 270
207.548 1.78201e-06 0 0 270
207.548 1.60879e-06 0 0 270
208.048 1.60879e-06 0 0 270
208.048 1.44704e-06 0 0 270
208.548 1.44704e-06 0 0 270
208.548 1.29771e-06 0 0 270
209.048 1.29771e-06 0 0 270
209.048 1.16119e-06 0 0 270
209.548 1.16119e-06 0 0 270
209.548 1.03732e-06 0 0 270
210.048 1.03732e-06 0 0 270
210.048 9.25496e-07 0 0 270
210.548 9.25496e-07 0 0 270
210.548 8.24784e-07 0 0 270
211.048 8.24784e-07 0 0 270
211.048 7.34006e-07 0 0 270
211.548 7.34006e-07 0 0 270
211.548 6.51876e-07 0 0 270
212.048 6.51876e-07 0 0 270
212.048 5.77101e-07 0 0 270
212.548 5.77101e-07 0 0 270
212.548 5.08466e-07 0 0 270
213.048 5.08466e-07 0 0 270
213.048 4.44903e-07 0 0 270
213.548 4.44903e-07 0 0 270
213.548 3.85528e-07 0 0 270
214.048 3.85528e-07 0 0 270
214.048 3.29659e-07 0 0 270
214.548 3.29659e-07 0 0 270
214.548 2.76815e-07 0 0 270
215.048 2.76815e-07 0 0 270
215.048 2.26693e-07 0 0 270
215.548 2.26693e-07 0 0 270
215.548 1.79138e-07 0 0 270
216.048 1.79138e-07 0 0 270
216.048 1.34105e-07 0 0 270
216.548 1.34105e-07 0 0 270
216.548 9.16207e-08 0 0 270
217.048 9.16207e-08 0 0 270
217.048 5.17462e-08 0 0 270
217.548 5.17462e-08 0 0 270
217.548 1.45467e-08 0 0 270
218.048 1.45467e-08 0 0 270
218.048 -1.9933e-08 0 0 270
218.548 -1.9933e-08 0 0 270
218.548 -5.16842e-08 0 0 270
219.048 -5.16842e-08 0 0 270
219.048 -8.0743e-08 0 0 270
219.548 -8.0743e-08 0 0 270
219.548 -1.07192e-07 0 0 270
220.048 -1.07192e-07 0 0 270
220.048 -1.31155e-07 0 0 270
220.548 -1.31155e-07 0 0 270
220.548 -1.52792e-07 0 0 270
221.048 -1.52792e-07 0 0 270
221.048 -1.72285e-07 0 0 270
221.548 -1.72285e-07 0 0 270
221.548 -1.89831e-07 0 0 270
222.048 -1.89831e-07 0 0 270
222.048 -2.05627e-07 0 0 270
222.548 -2.05627e-07 0 0 270
222.548 -2.19863e-07 0 0 270
223.048 -2.19863e-07 0 0 270
223.048 -2.32712e-07 0 0 270
223.548 -2.32712e-07 0 0 270
223.548 -2.44325e-07 0 0 270
224.048 -2.44325e-07 0 0 270
224.048 -2.54826e-07 0 0 270
224.548 -2.54826e-07 0 0 270
224.548 -2.64313e-07 0 0 270
225.048 -2.64313e-07 0 0 270
225.048 -2.72853e-07 0 0 270
225.548 -2.72853e-07 0 0 270
225.548 -2.8049e-07 0 0 270
226.048 -2.8049e-07 0 0 270
226.048 -2.87242e-07 0 0 270
226.548 -2.87242e-07 0 0 270
226.548 -2.93103e-07 0 0 270
227.048 -2.93103e-07 0 0 270
227.048 -2.9805e-07 0 0 270
227.548 -2.9805e-07 0 0 270
227.548 -3.02042e-07 0 0 270
228.048 -3.02042e-07 0 0 270
228.048 -3.05024e-07 0 0 270
228.548 -3.05024e-07 0 0 270
228.548 -3.06927e-07 0 0 270
229.048 -3.06927e-07 0 0 270
229.048 -3.07669e-07 0 0 270
229.548 -3.07669e-07 0 0 270
229.548 -3.07154e-07 0 0 270
230.048 -3.07154e-07 0 0 270
230.048 -3.05274e-07 0 0 270
230.548 -3.05274e-07 0 0 270
230.548 -3.01909e-07 0 0 270
231.048 -3.01909e-07 0 0 270
231.048 -2.96921e-07 0 0 270
231.548 -2.96921e-07 0 0 270
231.548 -2.90162e-07 0 0 270
232.048 -2.90162e-07 0 0 270
232.048 -2.81471e-07 0 0 270
232.548 -2.81471e-07 0 0 270
232.548 -2.7068e-07 0 0 270
233.048 -2.7068e-07 0 0 270
233.048 -2.57615e-07 0 0 270
233.548 -2.57615e-07 0 0 270
233.548 -2.42106e-07 0 0 270
234.048 -2.42106e-07 0 0 270
234.048 -2.23995e-07 0 0 270
234.548 -2.23995e-07 0 0 270
234.548 -2.03149e-07 0 0 270
235.048 -2.03149e-07 0 0 270
235.048 -1.79472e-07 0 0 270
235.548 -1.79472e-07 0 0 270
235.548 -1.52918e-07 0 0 270
236.048 -1.52918e-07 0 0 270
236.048 -1.23509e-07 0 0 270
236.548 -1.23509e-07 0 0 270
236.548 -9.13494e-08 0 0 270
237.048 -9.13494e-08 0 0 270
237.048 -5.66361e-08 0 0 270
237.548 -5.66361e-08 0 0 270
237.548 -1.96715e-08 0 0 270
238.048 -1.96715e-08 0 0 270
238.048 1.9131e-08 0 0 270
238.548 1.9131e-08 0 0 270
238.548 5.92459e-08 0 0 270
239.048 5.92459e-08 0 0 270
239.048 1.00039e-07 0 0 270
239.548 1.00039e-07 0 0 270
239.548 1.4078e-07 0 0 270
240.048 1.4078e-07 0 0 270
240.048 1.80654e-07 0 0 270
240.548 1.80654e-07 0 0 270
240.548 2.18792e-07 0 0 270
241.048 2.18792e-07 0 0 270
241.048 2.54291e-07 0 0 270
241.548 2.54291e-07 0 0 270
241.548 2.86247e-07 0 0 270
242.048 2.86247e-07 0 0 270
242.048 3.13791e-07 0 0 270
242.548 3.13791e-07 0 0 270
242.548 3.36122e-07 0 0 270
243.048 3.36122e-07 0 0 270
243.048 3.5254e-07 0 0 270
243.548 3.5254e-07 0 0 270
243.548 3.62473e-07 0 0 270
244.048 3.62473e-07 0 0 270
244.048 3.65508e-07 0 0 270
244.548 3.65508e-07 0 0 270
244.548 3.61405e-07 0 0 270
245.048 3.61405e-07 0 0 270
245.048 3.50111e-07 0 0 270
245.548 3.50111e-07 0 0 270
245.548 3.31766e-07 0 0 270
246.048 3.31766e-07 0 0 270
246.048 3.06694e-07 0 0 270
246.548 3.06694e-07 0 0 270
246.548 2.75397e-07 0 0 270
247.048 2.75397e-07 0 0 270
247.048 2.38528e-07 0 0 270
247.548 2.38528e-07 0 0 270
247.548 1.96875e-07 0 0 270
248.048 1.96875e-07 0 0 270
248.048 1.51323e-07 0 0 270
248.548 1.51323e-07 0 0 270
248.548 1.02823e-07 0 0 270
249.048 1.02823e-07 0 0 270
249.048 5.23557e-08 0 0 270
249.548 5.23557e-08 0 0 270
249.548 8.98448e-10 0 0 270
250.048 8.98448e-10 0 0 270
250.048 -5.061e-08 0 0 270
250.548 -5.061e-08 0 0 270
250.548 -1.01298e-07 0 0 270
251.048 -1.01298e-07 0 0 270
251.048 -1.50388e-07 0 0 270
251.548 -1.50388e-07 0 0 270
251.548 -1.97212e-07 0 0 270
252.048 -1.97212e-07 0 0 270
252.048 -2.41227e-07 0 0 270
252.548 -2.41227e-07 0 0 270
252.548 -2.82022e-07 0 0 270
253.048 -2.82022e-07 0 0 270
253.048 -3.19315e-07 0 0 270
253.548 -3.19315e-07 0 0 270
253.548 -3.52952e-07 0 0 270
254.048 -3.52952e-07 0 0 270
254.048 -3.82892e-07 0 0 270
254.548 -3.82892e-07 0 0 270
254.548 -4.09196e-07 0 0 270
255.048 -4.09196e-07 0 0 270
255.048 -4.32008e-07 0 0 270
255.548 -4.32008e-07 0 0 270
255.548 -4.51541e-07 0 0 270
256.048 -4.51541e-07 0 0 270
256.048 -4.68054e-07 0 0 270
256.548 -4.68054e-07 0 0 270
256.548 -4.8184e-07 0 0 270
257.048 -4.8184e-07 0 0 270
257.048 -4.93204e-07 0 0 270
257.548 -4.93204e-07 0 0 270
257.548 -5.02454e-07 0 0 270
258.048 -5.02454e-07 0 0 270
258.048 -5.09892e-07 0 0 270
258.548 -5.09892e-07 0 0 270
258.548 -5.15796e-07 0 0 270
259.048 -5.15796e-07 0 0 270
259.048 -5.20426e-07 0 0 270
259.548 -5.20426e-07 0 0 270
259.548 -5.24011e-07 0 0 270
260.048 -5.24011e-07 0 0 270
260.048 -5.26753e-07 0 0 270
260.548 -5.26753e-07 0 0 270
260.548 -5.28823e-07 0 0 270
261.048 -5.28823e-07 0 0 270
261.048 -5.30368e-07 0 0 270
261.548 -5.30368e-07 0 0 270
261.548 -5.31506e-07 0 0 270
262.048 -5.31506e-07 0 0 270
262.048 -5.32334e-07 0 0 270
262.548 -5.32334e-07 0 0 270
262.548 -5.32929e-07 0 0 270
263.048 -5.32929e-07 0 0 270
263.048 -5.33351e-07 0 0 270
263.548 -5.33351e-07 0 0 270
263.548 -5.33647e-07 0 0 270
264.048 -5.33647e-07 0 0 270
264.048 -5.34264e-07 0 0 270
264.548 -5.34264e-07 0 0 270
264.548 -5.34264e-07 0 0 270
265.048 -5.34264e-07 0 0 270
265.048 -5.34264e-07 0 0 270
265.548 -5.34264e-07 0 0 270
265.548 -5.34264e-07 0 0 270
266.048 -5.34264e-07 0 0 270
266.048 -5.34264e-07 0 0 270
266.548 -5.34264e-07 0 0 270
266.548 -5.34264e-07 0 0 270
267.048 -5.34264e-07 0 0 270
267.048 -5.34264e-07 0 0 270
267.548 -5.34264e-07 0 0 270
267.548 -5.34264e-07 0 0 270
268.048 -5.34264e-07 0 0 270
268.048 -5.34264e-07 0 0 270
268.548 -5.34264e-07 0 0 270
268.548 -5.34264e-07 0 0 270
269.048 -5.34264e-07 0 0 270
269.048 -5.34264e-07 0 0 270
269.548 -5.34264e-07 0 0 270
269.548 -5.34264e-07 0 0 270
270.048 -5.34264e-07 0 0 270
270.048 -5.34264e-07 0 0 270
270.548 -5.34264e-07 0 0 270
270.548 -5.34264e-07 0 0 270
271.048 -5.34264e-07 0 0 270
271.048 -5.34264e-07 0 0 270
271.548 -5.34264e-07 0 0 270
271.548 -5.34264e-07 0 0 270
272.048 -5.34264e-07 0 0 270
272.048 -5.34264e-07 0 0 270
272.548 -5.34264e-07 0 0 270
272.548 -5.34264e-07 0 0 270
273.048 -5.34264e-07 0 0 270
273.048 -5.34264e-07 0 0 270
273.548 -5.34264e-07 0 0 270
273.548 -5.34264e-07 0 0 270
274.048 -5.34264e-07 0 0 270
274.048 -5.34264e-07 0 0 270
274.548 -5.34264e-07 0 0 270
274.548 -5.34264e-07 0 0 270
275.048 -5.34264e-07 0 0 270
275.048 -5.34264e-07 0 0 270
275.548 -5.34264e-07 0 0 270
275.548 -5.34264e-07 0 0 270
276.048 -5.34264e-07 0 0 270
276.048 -5.34264e-07 0 0 270
276.548 -5.34264e-07 0 0 270
276.548 -5.34264e-07 0 0 270
277.048 -5.34264e-07 0 0 270
277.048 -5.34264e-07 0 0 270
277.548 -5.34264e-07 0 0 270
277.548 -5.34264e-07 0 0 270
278.048 -5.34264e-07 0 0 270
278.048 -5.34264e-07 0 0 270
278.548 -5.34264e-07 0 0 270
278.548 -5.34264e-07 0 0 270
279.048 -5.34264e-07 0 0 270
279.048 -5.34264e-07 0 0 270
279.548 -5.34264e-07 0 0 270
279.548 -5.34264e-07 0 0 270
280.048 -5.34264e-07 0 0 270
280.048 -5.34264e-07 0 0 270
280.548 -5.34264e-07 0 0 270
280.548 -5.34264e-07 0 0 270
281.048 -5.34264e-07 0 0 270
281.048 -5.34264e-07 0 0 270
281.548 -5.34264e-07 0 0 270
281.548 -5.34264e-07 0 0 270
282.048 -5.34264e-07 0 0 270
282.048 -5.34264e-07 0 0 270
282.548 -5.34264e-07 0 0 270
282.548 -5.34264e-07 0 0 270
283.048 -5.34264e-07 0 0 270
283.048 -5.34264e-07 0 0 270
283.548 -5.34264e-07 0 0 270
283.548 -5.34264e-07 0 0 270
284.048 -5.34264e-07 0 0 270
284.048 -5.34264e-07 0 0 270
284.548 -5.34264e-07 0 0 270
284.548 -5.34264e-07 0 0 270
285.048 -5.34264e-07 0 0 270
285.048 -5.34264e-07 0 0 270
285.548 -5.34264e-07 0 0 270
285.548 -5.34264e-07 0 0 270
286.048 -5.34264e-07 0 0 270
286.048 -5.34264e-07 0 0 270
286.548 -5.34264e-07 0 0 270
286.548 -5.34264e-07 0 0 270
287.048 -5.34264e-07 0 0 270
287.048 -5.34264e-07 0 0 270
287.548 -5.34264e-07 0 0 270
287.548 -5.34264e-07 0 0 270
288.048 -5.34264e-07 0 0 270
288.048 -5.34264e-07 0 0 270
288.548 -5.34264e-07 0 0 270
288.548 -5.34264e-07 0 0 270
289.048 -5.34264e-07 0 0 270
289.048 -5.34264e-07 0 0 270
289.548 -5.34264e-07 0 0 270
289.548 -5.34264e-07 0 0 270
290.048 -5.34264e-07 0 0 270
290.048 -5.34264e-07 0 0 270
290.548 -5.34264e-07 0 0 270
290.548 -5.34264e-07 0 0 270
291.048 -5.34264e-07 0 0 270
291.048 -5.34264e-07 0 0 270
291.548 -5.34264e-07 0 0 270
291.548 -5.34264e-07 0 0 270
292.048 -5.34264e-07 0 0 270
292.048 -5.34264e-07 0 0 270
292.548 -5.34264e-07 0 0 270
292.548 -5.34264e-07 0 0 270
293.048 -5.34264e-07 0 0 270
293.048 -5.34264e-07 0 0 270
293.548 -5.34264e-07 0 0 270
293.548 -5.34264e-07 0 0 270
294.048 -5.34264e-07 0 0 270
294.048 -5.34264e-07 0 0 270
294.548 -5.34264e-07 0 0 270
294.548 -5.34264e-07 0 0 270
295.048 -5.34264e-07 0 0 270
295.048 -5.34264e-07 0 0 270
295.548 -5.34264e-07 0 0 270
295.548 -5.34264e-07 0 0 270
296.048 -5.34264e-07 0 0 270
296.048 -5.34264e-07 0 0 270
296.548 -5.34264e-07 0 0 270
296.548 -5.34264e-07 0 0 270
297.048 -5.34264e-07 0 0 270
297.048 -5.34264e-07 0 0 270
297.548 -5.34264e-07 0 0 270
297.548 -5.34264e-07 0 0 270
298.048 -5.34264e-07 0 0 270
298.048 -5.34264e-07 0 0 270
298.548 -5.34264e-07 0 0 270
298.548 -5.34264e-07 0 0 270
299.048 -5.34264e-07 0 0 270
299.048 -5.34264e-07 0 0 270
299.548 -5.34264e-07 0 0 270
299.548 -5.34264e-07 0 0 270
300.048 -5.34264e-07 0 0 270
300.048 -5.34264e-07 0 0 270
300.548 -5.34264e-07 0 0 270
300.548 -5.34264e-07 0 0 270
301.048 -5.34264e-07 0 0 270
301.048 -5.34264e-07 0 0 270
301.548 -5.34264e-07 0 0 270
301.548 -5.34264e-07 0 0 270
302.048 -5.34264e-07 0 0 270
302.048 -5.34264e-07 0 0 270
302.548 -5.34264e-07 0 0 270
302.548 -5.34264e-07 0 0 270
303.048 -5.34264e-07 0 0 270
303.048 -5.34264e-07 0 0 270
303.548 -5.34264e-07 0 0 270
303.548 -5.34264e-07 0 0 270
304.048 -5.34264e-07 0 0 270
304.048 -5.34264e-07 0 0 270
304.548 -5.34264e-07 0 0 270
304.548 -5.34264e-07 0 0 270
305.048 -5.34264e-07 0 0 270
305.048 -5.34264e-07 0 0 270
305.548 -5.34264e-07 0 0 270
305.548 -5.34264e-07 0 0 270
306.048 -5.34264e-07 0 0 270
306.048 -5.34264e-07 0 0 270
306.548 -5.34264e-07 0 0 270
306.548 -5.34264e-07 0 0 270
307.048 -5.34264e-07 0 0 270
307.048 -5.34264e-07 0 0 270
307.548 -5.34264e-07 0 0 270
307.548 -5.34264e-07 0 0 270
308.048 -5.34264e-07 0 0 270
308.048 -5.34264e-07 0 0 270
308.548 -5.34264e-07 0 0 270
308.548 -5.34264e-07 0 0 270
309.048 -5.34264e-07 0 0 270
309.048 -5.34264e-07 0 0 270
309.548 -5.34264e-07 0 0 270
309.548 -5.34264e-07 0 0 270
310.048 -5.34264e-07 0 0 270
310.048 -5.34264e-07 0 0 270
310.548 -5.34264e-07 0 0 270
310.548 -5.34264e-07 0 0 270
311.048 -5.34264e-07 0 0 270
311.048 -5.34264e-07 0 0 270
311.548 -5.34264e-07 0 0 270
311.548 -5.34264e-07 0 0 270
312.048 -5.34264e-07 0 0 270
312.048 -5.34264e-07 0 0 270
312.548 -5.34264e-07 0 0 270
312.548 -5.34264e-07 0 0 270
313.048 -5.34264e-07 0 0 270
313.048 -5.34264e-07 0 0 270
313.548 -5.34264e-07 0 0 270
313.548 -5.34264e-07 0 0 270
314.048 -5.34264e-07 0 0 270
314.048 -5.34264e-07 0 0 270
314.548 -5.34264e-07 0 0 270
314.548 -5.34264e-07 0 0 270
315.048 -5.34264e-07 0 0 270
315.048 -5.34264e-07 0 0 270
315.548 -5.34264e-07 0 0 270
315.548 -5.34264e-07 0 0 270
316.048 -5.34264e-07 0 0 270
316.048 -5.34264e-07 0 0 270
316.548 -5.34264e-07 0 0 270
316.548 -5.34264e-07 0 0 270
317.048 -5.34264e-07 0 0 270
317.048 -5.34264e-07 0 0 270
317.548 -5.34264e-07 0 0 270
317.548 -5.34264e-07 0 0 270
318.048 -5.34264e-07 0 0 270
318.048 -5.34264e-07 0 0 270
318.548 -5.34264e-07 0 0 270
318.548 -5.34264e-07 0 0 270
319.048 -5.34264e-07 0 0 270
319.048 -5.34264e-07 0 0 270
319.548 -5.34264e-07 0 0 270
319.548 -5.34264e-07 0 0 270
320.048 -5.34264e-07 0 0 270
320.048 -5.34264e-07 0 0 270
320.548 -5.34264e-07 0 0 270
320.548 -5.34264e-07 0 0 270
321.048 -5.34264e-07 0 0 270
321.048 -5.34264e-07 0 0 270
321.548 -5.34264e-07 0 0 270
321.548 -5.34264e-07 0 0 270
322.048 -5.34264e-07 0 0 270
322.048 -5.34264e-07 0 0 270
322.548 -5.34264e-07 0 0 270
322.548 -5.34264e-07 0 0 270
323.048 -5.34264e-07 0 0 270
323.048 -5.34264e-07 0 0 270
323.548 -5.34264e-07 0 0 270
323.548 -5.34264e-07 0 0 270
324.048 -5.34264e-07 0 0 270
324.048 -5.34264e-07 0 0 270
324.548 -5.34264e-07 0 0 270
324.548 -5.34264e-07 0 0 270
325.048 -5.34264e-07 0 0 270
325.048 -5.34264e-07 0 0 270
325.548 -5.34264e-07 0 0 270
325.548 -5.34264e-07 0 0 270
326.048 -5.34264e-07 0 0 270
326.048 -5.34264e-07 0 0 270
326.548 -5.34264e-07 0 0 270
326.548 -5.34264e-07 0 0 270
327.048 -5.34264e-07 0 0 270
327.048 -5.34264e-07 0 0 270
327.548 -5.34264e-07 0 0 270
327.548 -5.34264e-07 0 0 270
328.048 -5.34264e-07 0 0 270
328.048 -5.34264e-07 0 0 270
328.548 -5.34264e-07 0 0 270
328.548 -5.34264e-07 0 0 270
329.048 -5.34264e-07 0 0 270
329.048 -5.34264e-07 0 0 270
329.548 -5.34264e-07 0 0 270
329.548 -5.34264e-07 0 0 270
330.048 -5.34264e-07 0 0 270
330.048 -5.34264e-07 0 0 270
330.548 -5.34264e-07 0 0 270
330.548 -5.34264e-07 0 0 270
331.048 -5.34264e-07 0 0 270
331.048 -5.34264e-07 0 0 270
331.548 -5.34264e-07 0 0 270
331.548 -5.34264e-07 0 0 270
332.048 -5.34264e-07 0 0 270
332.048 -5.34264e-07 0 0 270
332.548 -5.34264e-07 0 0 270
332.548 -5.34264e-07 0 0 270
333.048 -5.34264e-07 0 0 270
333.048 -5.34264e-07 0 0 270
333.548 -5.34264e-07 0 0 270
333.548 -5.34264e-07 0 0 270
334.048 -5.34264e-07 0 0 270
334.048 -5.34264e-07 0 0 270
334.548 -5.34264e-07 0 0 270
334.548 -5.34264e-07 0 0 270
335.048 -5.34264e-07 0 0 270
335.048 -5.34264e-07 0 0 270
335.548 -5.34264e-07 0 0 270
335.548 -5.34264e-07 0 0 270
336.048 -5.34264e-07 0 0 270
336.048 -5.34264e-07 0 0 270
336.548 -5.34264e-07 0 0 270
336.548 -5.34264e-07 0 0 270
337.048 -5.34264e-07 0 0 270
337.048 -5.34264e-07 0 0 270
337.548 -5.34264e-07 0 0 270
337.548 -5.34264e-07 0 0 270
338.048 -5.34264e-07 0 0 270
338.048 -5.34264e-07 0 0 270
338.548 -5.34264e-07 0 0 270
338.548 -5.34264e-07 0 0 270
339.048 -5.34264e-07 0 0 270
339.048 -5.34264e-07 0 0 270
339.548 -5.34264e-07 0 0 270
339.548 -5.34264e-07 0 0 270
340.048 -5.34264e-07 0 0 270
340.048 -5.34264e-07 0 0 270
340.548 -5.34264e-07 0 0 270
340.548 -5.34264e-07 0 0 270
341.048 -5.34264e-07 0 0 270
341.048 -5.34264e-07 0 0 270
341.548 -5.34264e-07 0 0 270
341.548 -5.34264e-07 0 0 270
342.048 -5.34264e-07 0 0 270
342.048 -5.34264e-07 0 0 270
342.548 -5.34264e-07 0 0 270
342.548 -5.34264e-07 0 0 270
343.048 -5.34264e-07 0 0 270
343.048 -5.34264e-07 0 0 270
343.548 -5.34264e-07 0 0 270
343.548 -5.34264e-07 0 0 270
344.048 -5.34264e-07 0 0 270
344.048 -5.34264e-07 0 0 270
344.548 -5.34264e-07 0 0 270
344.548 -5.34264e-07 0 0 270
345.048 -5.34264e-07 0 0 270
345.048 -5.34264e-07 0 0 270
345.548 -5.34264e-07 0 0 270
345.548 -5.34264e-07 0 0 270
346.048 -5.34264e-07 0 0 270
346.048 -5.34264e-07 0 0 270
346.548 -5.34264e-07 0 0 270
346.548 -5.34264e-07 0 0 270
347.048 -5.34264e-07 0 0 270
347.048 -5.34264e-07 0 0 270
347.548 -5.34264e-07 0 0 270
347.548 -5.34264e-07 0 0 270
348.048 -5.34264e-07 0 0 270
348.048 -5.34264e-07 0 0 270
348.548 -5.34264e-07 0 0 270
348.548 -5.34264e-07 0 0 270
349.048 -5.34264e-07 0 0 270
349.048 -5.34264e-07 0 0 270
349.548 -5.34264e-07 0 0 270
349.548 -5.34264e-07 0 0 270
350.048 -5.34264e-07 0 0 270
350.048 -5.34264e-07 0 0 270
350.548 -5.34264e-07 0 0 270
350.548 -5.34264e-07 0 0 270
351.048 -5.34264e-07 0 0 270
351.048 -5.34264e-07 0 0 270
351.548 -5.34264e-07 0 0 270
351.548 -5.34264e-07 0 0 270
352.048 -5.34264e-07 0 0 270
352.048 -5.34264e-07 0 0 270
352.548 -5.34264e-07 0 0 270
352.548 -5.34264e-07 0 0 270
353.048 -5.34264e-07 0 0 270
353.048 -5.34264e-07 0 0 270
353.548 -5.34264e-07 0 0 270
353.548 -5.34264e-07 0 0 270
354.048 -5.34264e-07 0 0 270
354.048 -5.34264e-07 0 0 270
354.548 -5.34264e-07 0 0 270
354.548 -5.34264e-07 0 0 270
355.048 -5.34264e-07 0 0 270
355.048 -5.34264e-07 0 0 270
355.548 -5.34264e-07 0 0 270
355.548 -5.34264e-07 0 0 270
356.048 -5.34264e-07 0 0 270
356.048 -5.34264e-07 0 0 270
356.548 -5.34264e-07 0 0 270
356.548 -5.34264e-07 0 0 270
357.048 -5.34264e-07 0 0 270
357.048 -5.34264e-07 0 0 270
357.548 -5.34264e-07 0 0 270
357.548 -5.34264e-07 0 0 270
358.048 -5.34264e-07 0 0 270
358.048 -5.34264e-07 0 0 270
358.548 -5.34264e-07 0 0 270
358.548 -5.34264e-07 0 0 270
359.048 -5.34264e-07 0 0 270
359.048 -5.34264e-07 0 0 270
359.548 -5.34264e-07 0 0 270
359.548 -5.34264e-07 0 0 270
360.048 -5.34264e-07 0 0 270
360.048 -5.34264e-07 0 0 270
360.548 -5.34264e-07 0 0 270
360.548 -5.34264e-07 0 0 270
361.048 -5.34264e-07 0 0 270
361.048 -5.34264e-07 0 0 270
361.548 -5.34264e-07 0 0 270
361.548 -5.34264e-07 0 0 270
362.048 -5.34264e-07 0 0 270
362.048 -5.34264e-07 0 0 270
362.548 -5.34264e-07 0 0 270
362.548 -5.34264e-07 0 0 270
363.048 -5.34264e-07 0 0 270
363.048 -5.34264e-07 0 0 270
363.548 -5.34264e-07 0 0 270
363.548 -5.34264e-07 0 0 270
364.048 -5.34264e-07 0 0 270
364.048 -5.34264e-07 0 0 270
364.548 -5.34264e-07 0 0 270
364.548 -5.34264e-07 0 0 270
365.048 -5.34264e-07 0 0 270
365.048 -5.34264e-07 0 0 270
365.548 -5.34264e-07 0 0 270
365.548 -5.34264e-07 0 0 270
366.048 -5.34264e-07 0 0 270
366.048 -5.34264e-07 0 0 270
366.548 -5.34264e-07 0 0 270
366.548 -5.34264e-07 0 0 270
367.048 -5.34264e-07 0 0 270
367.048 -5.34264e-07 0 0 270
367.548 -5.34264e-07 0 0 270
367.548 -5.34264e-07 0 0 270
368.048 -5.34264e-07 0 0 270
368.048 -5.34264e-07 0 0 270
368.548 -5.34264e-07 0 0 270
368.548 -5.34264e-07 0 0 270
369.048 -5.34264e-07 0 0 270
369.048 -5.34264e-07 0 0 270
369.548 -5.34264e-07 0 0 270
369.548 -5.34264e-07 0 0 270
370.048 -5.34264e-07 0 0 270
370.048 -5.34264e-07 0 0 270
380.048 -5.34264e-07 0 0 270
